---
build/images/cole-patrick-1-343f0854.jpg: 2018-06-15 22:05:40.187186063 +02:00
build/images/clearblog-048d7693.png: 2018-06-15 22:05:50.383204661 +02:00
build/images/cole-patrick-2-d5631465.jpg: 2018-06-15 22:05:40.159186014 +02:00
build/images/cole-patrick-3-4c420027.jpg: 2018-06-15 22:05:40.151186001 +02:00
